16 6 40 37 126 79 88 105 47 57 34 26 135 51 140 129 133 41 61 120 104 127 121 71 111 54 42 44 119 145 85 136 93 50 90 122 99 78 91 128 4 32 62 60 109 2 89 7 8 118 74 38 82 106 132 92 75 33 87 53 31 101 36 131 80 13 45 83 77 134 48 22 43 95 52 117 39 97 46 108 23 100 14 59 24 94 27 11 76 18 70 65 110 30 115 130 3 138 81 25 103 58 139 116 102
38 36 119 5 70 2 111 54 103 126 71 116 56 102 24 9 48 86 14 125 30 20 68 17 34 122 75 113 130 10 145 120 42 67 51 63 76 83 69 55 105 127 149 28 77 65 73 114 135 37 106 87 131 121 92 140 27 58 96 91 62 137 66 61 123 115 147 72 44 108 29 11 43 132 90 78 6 74 52 4 8 148 82 98 26 84 22 94 95 144 1 64 81 93 15 50 40 142 85 141 134 104 112 49 79
66 133 0 21 106 112 115 144 10 146 79 84 35 108 17 118 94 68 63 120 124 90 132 51 75 105 126 27 67 42 62 102 137 44 30 49 61 101 98 139 55 9 140 72 40 8 73 92 13 7 32 99 57 117 76 54 128 33 34 20 24 142 6 93 138 22 89 95 45 80 31 83 82 121 148 116 46 136 56 122 58 96 26 70 149 85 88 47 125 78 71 1 141 130 43 100 65 147 74 28 29 60 39 3 119
105 75 15 2 57 90 142 58 10 74 87 134 101 32 65 46 20 141 52 95 26 30 16 18 79 27 113 0 4 38 127 37 25 91 41 59 36 85 17 89 108 35 143 62 76 86 121 66 135 55 92 94 50 93 145 115 43 23 122 60 53 138 45 56 80 124 28 6 5 139 117 131 111 19 73 123 106 54 22 116 137 70 11 67 102 136 112 7 47 119 71 84 42 1 118 13 29 78 120 63 99 14 21 51 24
9 75 10 35 22 127 6 96 139 72 149 141 80 64 103 100 45 132 92 13 126 125 74 44 18 61 46 129 84 105 0 110 71 106 25 79 143 124 69 73 14 57 86 88 28 34 81 26 77 147 98 140 76 33 94 50 120 47 48 116 130 17 112 2 11 38 121 138 53 114 32 15 1 85 83 54 27 56 101 119 19 29 117 90 142 60 95 3 108 21 99 40 89 102 42 133 8 41 78 131 4 87 24 58 65
141 16 7 84 12 14 83 2 25 109 104 137 135 52 124 87 11 47 105 85 130 38 33 114 123 88 142 111 134 80 121 21 50 72 112 94 29 139 10 35 75 41 131 86 71 146 138 129 78 74 136 39 110 63 69 79 22 1 66 67 45 36 99 57 98 58 42 77 61 28 95 90 5 60 15 49 127 81 92 40 48 26 31 65 34 143 18 101 17 8 76 93 0 148 27 147 23 64 145 132 82 53 97 4 116
96 4 78 121 115 143 131 79 61 105 39 26 3 31 122 70 29 20 81 100 0 126 116 50 67 74 44 51 89 140 134 125 138 145 15 64 146 22 109 86 75 17 30 58 102 19 34 142 113 27 11 76 127 117 1 99 136 66 129 141 68 25 7 88 60 90 43 56 130 112 80 46 47 53 16 40 48 149 148 6 57 82 104 23 42 92 85 77 101 54 18 12 72 106 37 144 65 94 114 71 41 111 128 59 73
128 85 51 120 110 71 141 58 126 31 122 3 149 60 59 17 4 54 105 39 81 95 52 10 101 57 78 111 7 74 129 137 135 108 99 18 148 136 98 28 86 41 94 77 145 12 102 130 26 144 90 15 43 92 82 16 40 47 72 89 48 69 134 114 22 123 103 35 73 68 63 131 46 139 96 56 24 84 112 142 61 8 53 117 133 64 132 109 66 104 36 100 91 32 38 65 55 70 44 20 113 21 25 33 29
39 138 113 81 21 56 3 51 94 5 4 53 123 1 98 142 71 57 107 58 137 9 115 75 31 24 95 146 13 38 45 36 77 88 87 8 127 133 26 93 117 6 2 108 140 119 132 125 109 84 50 118 91 147 11 25 129 47 17 33 139 145 14 59 122 76 19 29 60 100 15 148 42 12 66 79 97 102 143 62 86 27 136 10 149 126 69 46 61 112 114 72 80 49 128 135 30 134 121 64 74 111 54 82 22
26 106 104 124 129 76 140 127 105 60 94 45 13 58 51 38 123 0 116 24 66 57 12 33 62 139 84 101 43 135 97 103 142 82 19 122 126 65 69 37 138 41 46 134 72 50 147 88 146 70 111 68 128 32 1 23 39 71 15 141 109 36 133 30 79 110 100 74 78 108 90 18 117 8 5 22 53 80 99 83 28 77 64 115 56 9 93 95 107 6 11 2 119 112 85 73 3 20 16 61 59 144 86 98 121
